{
 "cells": [
  {
   "cell_type": "code",
   "execution_count": 1,
   "metadata": {},
   "outputs": [
    {
     "name": "stdout",
     "output_type": "stream",
     "text": [
      "Q1_A: \n",
      "[[-0.76629498  0.06633541 -0.63905526  1.11613425]\n",
      " [-0.44950679  0.65532968  0.60703101 -8.17666801]\n",
      " [ 0.45905953  0.7524245  -0.47235762  2.58212697]\n",
      " [ 0.          0.          0.          1.        ]]\n",
      "Q1_B: \n",
      "[[ 0.96401788 -0.19759539  0.17783585  0.20157131]\n",
      " [ 0.19759539  0.98012038  0.01789166 -0.01985467]\n",
      " [-0.17783585  0.01789166  0.9838975  -0.01813079]\n",
      " [ 0.          0.          0.          1.        ]]\n",
      "Q1_C: \n",
      "[[ 0.92106099 -0.38941834  0.          0.        ]\n",
      " [ 0.38941834  0.92106099  0.          0.        ]\n",
      " [ 0.          0.          1.          0.        ]\n",
      " [ 0.          0.          0.          1.        ]]\n",
      "Q1_D: \n",
      "[[-0.32273162  0.31379918 -0.89295822  3.34209479]\n",
      " [-0.7138638   0.53878165  0.4473397  -7.76905615]\n",
      " [ 0.62148433  0.78182121  0.050128    2.23284153]\n",
      " [ 0.          0.          0.          1.        ]]\n"
     ]
    },
    {
     "data": {
      "text/plain": [
       "<Figure size 640x480 with 2 Axes>"
      ]
     },
     "metadata": {},
     "output_type": "display_data"
    },
    {
     "name": "stdout",
     "output_type": "stream",
     "text": [
      "Q1_H: \n",
      "[[-9.06281429e-01  4.21706642e-01  2.85916001e-02 -6.90395174e+01]\n",
      " [-4.03309840e-01 -8.42538760e-01 -3.57028867e-01  3.50036694e+01]\n",
      " [ 1.26471913e-01  3.35099905e-01 -9.33655669e-01 -2.69557300e+01]\n",
      " [ 0.00000000e+00  0.00000000e+00  0.00000000e+00  1.00000000e+00]]\n",
      "Q1_I: \n",
      "[[-1.38071187e-01  9.77283884e-01  1.60787303e-01 -1.89247685e+02]\n",
      " [ 8.04737854e-01  1.60627195e-02  5.93412989e-01  2.02970241e+02]\n",
      " [ 5.77350269e-01  2.11324865e-01 -7.88675135e-01 -7.09410292e+01]\n",
      " [ 0.00000000e+00  0.00000000e+00  0.00000000e+00  1.00000000e+00]]\n",
      "Q1_J: \n",
      "(-195.8720761364331, 30.243751415005683, 360.7267415298278, -1.8371142591921998, -2.0028724209327633, -0.8296169204533892)\n"
     ]
    }
   ],
   "source": [
    "run 'Q2.py'"
   ]
  },
  {
   "cell_type": "code",
   "execution_count": null,
   "metadata": {},
   "outputs": [],
   "source": []
  }
 ],
 "metadata": {
  "kernelspec": {
   "display_name": "Python 3",
   "language": "python",
   "name": "python3"
  },
  "language_info": {
   "codemirror_mode": {
    "name": "ipython",
    "version": 3
   },
   "file_extension": ".py",
   "mimetype": "text/x-python",
   "name": "python",
   "nbconvert_exporter": "python",
   "pygments_lexer": "ipython3",
   "version": "3.7.3"
  }
 },
 "nbformat": 4,
 "nbformat_minor": 4
}
